minpop <- 50e3
maxpop <- 35e4
n_districts <- 435

